119,100
119,99
119,98
119,97
0,463
119,96
0,462
119,95
119,94
119,93
119,92
119,91
119,90
119,89
119,88
0,479
119,87
119,86
119,85
119,84
0,2
119,83
119,82
119,81
119,80
119,79
119,78
119,77
0,476
119,76
119,75
119,39
119,35
119,74
0,396
119,73
0,395
119,72
119,71
119,70
119,69
119,68
119,67
119,66
119,65
119,64
119,38
0,505
0,552
0,551
119,37
0,305
119,36
119,4
119,34
0,295
119,33
0,435
0,299
0,524
119,32
0,446
0,508
0,268
0,267
0,266
0,265
0,264
0,263
119,31
0,461
0,441
0,437
0,262
0,261
0,260
0,259
0,258
0,257
0,256
0,255
0,254
0,253
0,252
0,251
0,250
0,249
0,248
0,247
0,246
0,245
0,244
119,30
0,442
0,439
0,514
0,495
0,433
0,493
119,29
0,242
0,241
0,240
0,239
0,238
0,237
0,236
0,235
0,234
0,515
0,547
0,490
0,546
0,544
119,28
0,491
0,233
0,232
0,231
0,230
0,543
0,421
119,27
0,424
0,229
0,228
0,227
0,226
0,420
0,418
119,26
0,225
0,224
0,223
0,416
0,407
119,25
0,222
0,221
0,220
0,219
0,218
0,217
0,484
0,542
0,404
119,24
0,216
0,406
0,215
0,214
0,213
0,212
0,403
119,23
0,384
0,211
119,22
0,401
0,210
0,399
119,21
0,209
0,397
0,208
0,207
0,206
0,205
119,20
119,19
0,202
0,201
0,200
119,18
0,390
119,17
0,199
0,393
119,16
0,198
0,197
0,196
0,391
0,195
0,194
0,193
0,291
0,386
119,15
0,192
0,63
0,388
0,62
0,58
0,54
0,316
0,554
0,315
119,14
0,50
0,243
0,46
34,34
34,33
34,32
34,31
34,30
34,29
34,28
34,27
34,26
34,25
34,24
34,23
34,22
34,21
34,20
34,19
34,18
34,17
34,16
34,15
34,14
34,13
34,12
34,11
34,10
34,9
34,8
34,7
34,6
34,5
34,4
34,3
0,6
119,13
0,61
0,387
0,60
0,59
0,57
0,287
119,12
0,56
0,55
0,53
0,52
0,51
0,549
0,314
119,11
0,283
119,10
0,49
0,545
119,9
0,279
0,553
0,313
0,48
0,47
119,8
0,548
119,7
0,540
119,6
119,5
0,385
0,472
0,45
0,204
0,203
0,0
147,21
14,3
0,550
147,20
147,19
147,18
147,17
147,16
147,15
147,14
147,13
147,12
147,11
147,10
147,9
147,8
0,310
13,3
34,255
34,254
34,253
34,252
34,251
34,250
34,249
34,248
34,247
34,246
34,245
34,244
34,243
34,242
34,241
34,240
34,239
34,238
34,237
34,236
34,235
34,234
34,233
34,319
34,318
34,317
34,316
34,315
34,314
34,313
34,312
34,311
34,310
34,309
34,308
34,307
34,306
34,305
34,304
34,303
34,302
34,301
34,300
34,299
34,298
34,297
34,296
34,295
34,294
34,293
34,292
34,291
34,290
34,289
34,288
34,287
34,286
34,285
34,284
34,283
34,282
34,281
34,280
34,279
34,278
34,277
34,276
34,275
34,274
34,273
34,272
34,271
34,270
34,269
34,268
34,267
34,266
34,265
34,264
34,263
34,262
34,261
34,260
34,259
34,258
34,257
34,256
34,232
34,231
34,230
34,229
34,228
34,227
34,226
34,225
34,224
34,223
34,222
34,221
34,220
34,219
34,218
34,217
34,216
34,215
34,214
34,213
34,212
34,211
34,210
34,209
34,208
34,207
34,206
34,205
34,204
34,203
34,202
34,201
34,200
34,199
34,198
34,197
34,196
34,195
34,194
34,193
34,192
34,191
34,190
34,189
34,188
34,187
34,186
34,185
34,184
34,183
34,182
34,181
34,180
34,179
34,178
34,177
34,176
34,175
34,174
34,173
34,172
34,171
34,170
34,169
34,168
34,167
34,166
34,165
34,164
34,163
34,162
34,161
34,160
34,159
34,158
34,157
34,156
34,155
34,154
34,153
34,152
34,151
34,150
34,149
34,148
34,147
34,146
34,145
34,144
34,143
34,142
34,141
34,140
34,139
34,138
34,137
34,136
34,135
34,134
34,133
34,132
34,131
34,130
34,129
34,128
34,67
34,66
34,65
34,64
34,63
34,62
34,61
34,60
34,59
34,58
34,57
34,56
34,55
34,54
34,53
34,52
34,51
34,50
34,49
34,48
34,47
34,46
34,45
34,44
34,43
34,42
34,41
34,40
34,39
34,38
34,37
34,36
34,35
34,2
34,0
139,9
139,8
139,7
139,6
139,5
139,4
139,3
139,2
139,1
139,0
138,10
138,9
138,8
138,7
138,6
138,5
138,4
138,3
138,2
